0,022294 -0,511326 0,859097 -0,002748 -0,997387 -0,070437 -0,016041 0,006496 0,068715 -0,856495 -0,511561 1,676672
0,131320 -0,514440 0,847412 0,108204 -0,988663 -0,130734 0,073845 0,018511 0,072797 -0,847502 -0,525776 1,645943
0,203950 -0,519601 0,829710 0,241135 -0,976521 -0,168024 0,134813 0,003585 0,069362 -0,837725 -0,541670 1,641021
0,275652 -0,495942 0,823442 0,365549 -0,955569 -0,234432 0,178689 -0,018758 0,104422 -0,836112 -0,538529 1,645022
0,334135 -0,462887 0,821029 0,502654 -0,935131 -0,271711 0,227383 -0,071822 0,117829 -0,843747 -0,523648 1,674586
0,315043 -0,485669 0,815397 0,631951 -0,942598 -0,260336 0,209128 -0,149739 0,110710 -0,834476 -0,539808 1,656337
0,240952 -0,501521 0,830914 0,767175 -0,964741 -0,217197 0,148665 -0,201125 0,105914 -0,837438 -0,536172 1,643861
0,258215 -0,505666 0,823181 0,897717 -0,963584 -0,196103 0,181793 -0,276846 0,069502 -0,840146 -0,537888 1,615183
0,354529 -0,480897 0,801902 0,975353 -0,933019 -0,238360 0,269554 -0,374297 0,061514 -0,843755 -0,533192 1,588746
0,465257 -0,452891 0,760543 1,009233 -0,884895 -0,259625 0,386725 -0,471950 0,022311 -0,852927 -0,521553 1,584526
0,566908 -0,433918 0,700236 1,050833 -0,823730 -0,308104 0,475964 -0,557437 0,009216 -0,846633 -0,532097 1,579196
0,614781 -0,408939 0,674398 1,099038 -0,788668 -0,326199 0,521150 -0,650980 0,006869 -0,852269 -0,523058 1,571157
0,641320 -0,382886 0,664911 1,149444 -0,767060 -0,340366 0,543847 -0,761832 0,018082 -0,858807 -0,511980 1,570936
0,657239 -0,385222 0,647797 1,206356 -0,753320 -0,362415 0,548784 -0,873984 0,023368 -0,848681 -0,528389 1,566007
0,658502 -0,398387 0,638485 1,234582 -0,752499 -0,360915 0,550895 -0,977642 0,010969 -0,843225 -0,537449 1,542207
0,698063 -0,359196 0,619424 1,183446 -0,715778 -0,373249 0,590209 -1,086163 0,019198 -0,855373 -0,517656 1,481945
0,720958 -0,324716 0,612192 1,134044 -0,692927 -0,348545 0,631164 -1,117017 0,008428 -0,879247 -0,476291 1,393126
0,677623 -0,322358 0,660993 1,054655 -0,735247 -0,315861 0,599703 -1,040169 0,015463 -0,892366 -0,451048 1,319363
0,675320 -0,376926 0,633932 1,011918 -0,735720 -0,284190 0,614779 -0,921519 -0,051569 -0,881569 -0,469231 1,235188
0,741007 -0,349529 0,573356 0,879377 -0,670078 -0,329412 0,665195 -0,949584 -0,043635 -0,877107 -0,478308 1,183931
0,689499 -0,321103 0,649218 0,812383 -0,723600 -0,266375 0,636748 -1,016367 -0,031526 -0,908811 -0,416015 1,113343
0,601542 -0,329614 0,727669 0,800410 -0,798004 -0,206257 0,566258 -1,036194 -0,036560 -0,921311 -0,387105 1,048304
0,681318 -0,385848 0,622035 0,822716 -0,728405 -0,273401 0,628234 -1,021428 -0,072338 -0,881120 -0,467327 1,121795
0,753653 -0,423049 0,503027 0,865455 -0,649039 -0,358254 0,671120 -1,018316 -0,103705 -0,832276 -0,544575 1,210879
0,783406 -0,412111 0,465231 0,909343 -0,619309 -0,454677 0,640098 -1,007747 -0,052262 -0,789578 -0,611420 1,295494
0,783773 -0,394405 0,479733 0,957744 -0,619429 -0,552178 0,558039 -0,993620 0,044805 -0,734537 -0,677089 1,431941
0,776936 -0,390317 0,493986 0,957904 -0,626788 -0,553342 0,548589 -0,991188 0,059220 -0,735843 -0,674558 1,436841
0,779704 -0,350438 0,518897 1,008189 -0,611939 -0,602021 0,512935 -1,011891 0,132635 -0,717471 -0,683844 1,584057
0,794194 -0,276602 0,541062 1,113894 -0,570914 -0,644596 0,508482 -1,040718 0,208119 -0,712733 -0,669850 1,668203
0,846743 -0,147830 0,511050 1,233258 -0,461526 -0,681919 0,567433 -1,050384 0,264611 -0,716333 -0,645638 1,698931
0,879808 -0,039359 0,473696 1,365778 -0,356484 -0,713834 0,602794 -1,048069 0,314415 -0,699208 -0,642068 1,698317
0,906664 -0,000156 0,421854 1,484111 -0,295740 -0,713349 0,635351 -1,030111 0,300830 -0,700809 -0,646814 1,640494
0,936491 0,032567 0,349175 1,596468 -0,237936 -0,672439 0,700866 -0,988574 0,257624 -0,739436 -0,621984 1,571625
0,957768 0,097610 0,270468 1,634187 -0,160391 -0,599334 0,784266 -0,963321 0,238653 -0,794526 -0,558367 1,521645
0,978747 0,143238 0,146754 1,633775 -0,044768 -0,549127 0,834539 -0,965846 0,200125 -0,823372 -0,531044 1,489936
0,983437 0,147870 0,104811 1,627204 -0,005161 -0,555192 0,831706 -0,960819 0,181175 -0,818472 -0,545234 1,479134
0,991007 0,044774 0,126097 1,520487 -0,086292 -0,506378 0,857983 -0,961237 0,102268 -0,861148 -0,497961 1,474340
0,979251 -0,029132 0,200547 1,401911 -0,187997 -0,500088 0,845322 -0,918872 0,075665 -0,865484 -0,495189 1,456388
0,981828 -0,009785 0,189523 1,298736 -0,166857 -0,520268 0,837544 -0,879662 0,090407 -0,853947 -0,512446 1,459538
0,978553 -0,037680 0,202518 1,198389 -0,192518 -0,517031 0,834036 -0,837847 0,073282 -0,855137 -0,513196 1,464535
0,966435 -0,085144 0,242393 1,093581 -0,249772 -0,532274 0,808887 -0,761353 0,060147 -0,842280 -0,535674 1,435659
0,964134 -0,122251 0,235584 1,012208 -0,263815 -0,538718 0,800115 -0,689442 0,029098 -0,833569 -0,551648 1,420382
0,949014 -0,158021 0,272767 0,916868 -0,313419 -0,565702 0,762725 -0,622079 0,033778 -0,809327 -0,586386 1,419402
0,913325 -0,180914 0,364839 0,851559 -0,399841 -0,568291 0,719147 -0,610151 0,077231 -0,802692 -0,591372 1,435016
0,862652 -0,224905 0,453043 0,747351 -0,496273 -0,549363 0,672245 -0,593783 0,097694 -0,804747 -0,585524 1,427444
0,778454 -0,299409 0,551691 0,611237 -0,622526 -0,480883 0,617424 -0,589401 0,080436 -0,824079 -0,560736 1,434605
0,683082 -0,352771 0,639493 0,473338 -0,726908 -0,413199 0,548517 -0,583578 0,070737 -0,839535 -0,538681 1,457106
0,608508 -0,404171 0,682908 0,325625 -0,789819 -0,391795 0,471893 -0,575100 0,076834 -0,826524 -0,557632 1,466370
0,578058 -0,442944 0,685310 0,224008 -0,814025 -0,371360 0,446604 -0,519241 0,056677 -0,816022 -0,575235 1,447270
0,540335 -0,466544 0,700268 0,134275 -0,838956 -0,362737 0,405679 -0,439598 0,064746 -0,806696 -0,587409 1,462655
0,518627 -0,464676 0,717706 0,108148 -0,851551 -0,356055 0,384819 -0,405090 0,076726 -0,810741 -0,580355 1,474398
0,467066 -0,442998 0,765246 0,030067 -0,881247 -0,304153 0,361794 -0,311384 0,072478 -0,843353 -0,532450 1,515950
0,424664 -0,436995 0,792903 -0,002617 -0,904378 -0,245355 0,349145 -0,194887 0,041968 -0,865354 -0,499402 1,549755
0,436006 -0,426502 0,792461 0,020733 -0,896961 -0,277577 0,344109 -0,038024 0,073206 -0,860841 -0,503581 1,583931
0,479019 -0,361626 0,799855 0,098700 -0,873491 -0,286596 0,393544 0,085215 0,086919 -0,887181 -0,453162 1,615367
0,541063 -0,306097 0,783298 0,202878 -0,836624 -0,290617 0,464331 0,174684 0,085509 -0,906557 -0,413330 1,621939
0,562801 -0,309866 0,766314 0,249707 -0,822494 -0,302139 0,481888 0,203613 0,082213 -0,901496 -0,424908 1,627604
0,572786 -0,289004 0,767067 0,354283 -0,812554 -0,323522 0,484861 0,260881 0,108036 -0,901005 -0,420140 1,622092
0,550874 -0,297467 0,779777 0,473836 -0,827999 -0,311973 0,465930 0,294216 0,104671 -0,902323 -0,418161 1,630681
0,496299 -0,313409 0,809606 0,586360 -0,862140 -0,287481 0,417216 0,313896 0,101987 -0,905058 -0,412879 1,635522
0,396736 -0,363537 0,842877 0,699789 -0,913334 -0,248131 0,322880 0,319827 0,091765 -0,897927 -0,430473 1,633028
0,275102 -0,445389 0,852026 0,809479 -0,959182 -0,187510 0,211682 0,296098 0,065483 -0,875482 -0,478794 1,623696
0,248374 -0,463557 0,850544 0,836366 -0,966989 -0,170270 0,189579 0,284406 0,056942 -0,869553 -0,490546 1,622676
0,145915 -0,521120 0,840918 0,949320 -0,988434 -0,112296 0,101922 0,259567 0,041318 -0,846064 -0,531478 1,622824
0,048188 -0,579837 0,813306 1,064498 -0,997228 -0,074151 0,006220 0,255911 0,056700 -0,811351 -0,581803 1,610627
-0,056215 -0,665166 0,744577 1,149944 -0,994563 -0,028170 -0,100255 0,264035 0,087661 -0,746164 -0,659966 1,622227
-0,124403 -0,744112 0,656370 1,188991 -0,987868 0,030914 -0,152185 0,261227 0,092951 -0,667339 -0,738931 1,619813
-0,170153 -0,805486 0,567662 1,201278 -0,981027 0,084146 -0,174658 0,254361 0,092918 -0,586610 -0,804521 1,647943
-0,168331 -0,869737 0,463920 1,232190 -0,980196 0,097888 -0,172143 0,274021 0,104307 -0,483710 -0,868991 1,669412
-0,144720 -0,908852 0,391209 1,192738 -0,988054 0,111577 -0,106298 0,304028 0,052959 -0,401919 -0,914142 1,761477
-0,157592 -0,906565 0,391542 1,124434 -0,985647 0,120097 -0,118644 0,304674 0,060535 -0,404619 -0,912480 1,842176
-0,193339 -0,884399 0,424804 1,043643 -0,977842 0,138267 -0,157185 0,324412 0,080278 -0,445781 -0,891535 1,912750
-0,193450 -0,885872 0,421672 1,029059 -0,977455 0,136954 -0,160703 0,334249 0,084613 -0,443254 -0,892394 1,918834
-0,119165 -0,857420 0,500631 0,892603 -0,987652 0,050718 -0,148227 0,320949 0,101702 -0,512113 -0,852876 1,925423
-0,006958 -0,810497 0,585702 0,780527 -0,992388 -0,066423 -0,103706 0,272712 0,122958 -0,581965 -0,803865 1,897135
0,106390 -0,759225 0,642074 0,692643 -0,978761 -0,193767 -0,066942 0,247576 0,175236 -0,621316 -0,763714 1,855924
0,229231 -0,680132 0,696329 0,623167 -0,950300 -0,311209 0,008867 0,238064 0,210673 -0,663754 -0,717668 1,819296
0,339702 -0,555356 0,759067 0,519611 -0,903764 -0,416195 0,099957 0,229387 0,260408 -0,719973 -0,643293 1,761472
0,469560 -0,433844 0,768956 0,443931 -0,841025 -0,484835 0,240025 0,244872 0,268683 -0,759417 -0,592533 1,708674
0,522704 -0,398399 0,753697 0,441263 -0,816423 -0,488446 0,308017 0,233657 0,245426 -0,776337 -0,580574 1,726022
0,617506 -0,291829 0,730426 0,392088 -0,757552 -0,470548 0,452438 0,217067 0,211666 -0,832719 -0,511642 1,701604
0,699871 -0,199417 0,685867 0,349957 -0,686656 -0,452254 0,569183 0,158090 0,196681 -0,869310 -0,453450 1,702563
0,730338 -0,157038 0,664790 0,323765 -0,660295 -0,411594 0,628173 0,074407 0,174976 -0,897736 -0,404294 1,620358
0,641556 -0,273995 0,716473 0,257098 -0,755334 -0,388453 0,527802 -0,044602 0,133701 -0,879791 -0,456172 1,600108
0,558536 -0,293752 0,775724 0,216349 -0,818930 -0,343969 0,459391 -0,084905 0,131878 -0,891850 -0,432681 1,569019
0,437101 -0,312311 0,843448 0,148031 -0,893173 -0,260998 0,366228 -0,106465 0,105761 -0,913423 -0,393030 1,549531
0,311109 -0,356490 0,880980 0,098860 -0,948448 -0,175453 0,263937 -0,091775 0,060480 -0,917677 -0,392697 1,509252
0,217505 -0,409525 0,885992 0,162101 -0,971528 -0,178202 0,156135 -0,011916 0,093945 -0,894725 -0,436624 1,503132
0,244446 -0,423648 0,872221 0,280562 -0,964777 -0,196443 0,174971 0,039530 0,097215 -0,884270 -0,456745 1,518604
0,299397 -0,456423 0,837878 0,401102 -0,951393 -0,209258 0,225968 0,116103 0,072195 -0,864806 -0,496889 1,522571
0,280716 -0,485974 0,827664 0,529143 -0,956814 -0,209567 0,201469 0,151687 0,075542 -0,848476 -0,523815 1,525929
0,249840 -0,504972 0,826186 0,649235 -0,965372 -0,196066 0,172093 0,205482 0,075085 -0,840572 -0,536471 1,541790
0,190599 -0,535186 0,822951 0,784802 -0,978843 -0,167171 0,117989 0,254145 0,074427 -0,828028 -0,555725 1,545107
0,155910 -0,584642 0,796170 0,905638 -0,984611 -0,156407 0,077959 0,247884 0,078948 -0,796072 -0,600031 1,541011
0,164087 -0,603404 0,780371 1,025608 -0,983899 -0,156922 0,085546 0,245406 0,070839 -0,781844 -0,619437 1,518706
0,209901 -0,613997 0,760887 1,158091 -0,975841 -0,179822 0,124091 0,190117 0,060633 -0,768551 -0,636909 1,509038
0,261124 -0,601197 0,755233 1,270326 -0,963558 -0,209380 0,166478 0,100617 0,058045 -0,771182 -0,633963 1,490472
0,298494 -0,562454 0,771069 1,348245 -0,951720 -0,236040 0,196250 0,015760 0,071621 -0,792421 -0,605755 1,472311
0,335832 -0,555508 0,760676 1,400573 -0,940238 -0,245970 0,235479 -0,097555 0,056292 -0,794298 -0,604915 1,472858
0,400528 -0,533420 0,745010 1,406082 -0,914778 -0,279385 0,291761 -0,226338 0,052513 -0,798378 -0,599863 1,451088
0,503359 -0,517413 0,692036 1,396231 -0,863036 -0,340365 0,373257 -0,351957 0,042417 -0,785134 -0,617872 1,434624
0,549916 -0,510730 0,660869 1,406193 -0,835211 -0,339920 0,432293 -0,485924 0,003857 -0,789690 -0,613495 1,402342
0,592645 -0,494553 0,635759 1,438829 -0,805131 -0,341039 0,485239 -0,597791 -0,023158 -0,799444 -0,600295 1,376106
0,625137 -0,463593 0,627922 1,482730 -0,780246 -0,350056 0,518340 -0,696170 -0,020491 -0,813967 -0,580549 1,362881
0,666466 -0,436331 0,604515 1,534866 -0,743480 -0,328814 0,582339 -0,806722 -0,055320 -0,837554 -0,543546 1,339619
0,696028 -0,411245 0,588577 1,560345 -0,714897 -0,320613 0,621393 -0,927157 -0,066839 -0,853279 -0,517154 1,303481
0,766214 -0,380529 0,517797 1,569652 -0,633870 -0,315320 0,706245 -1,068310 -0,105475 -0,869351 -0,482809 1,267863
0,795163 -0,328686 0,509590 1,571853 -0,599178 -0,296598 0,743650 -1,185268 -0,093284 -0,896658 -0,432785 1,182797
0,731618 -0,295163 0,614503 1,574748 -0,680816 -0,270071 0,680846 -1,279148 -0,035001 -0,916483 -0,398541 1,122551
0,674347 -0,223647 0,703732 1,552181 -0,733979 -0,307321 0,605663 -1,334886 0,080817 -0,924952 -0,371394 1,037244
0,649005 -0,245602 0,720050 1,565133 -0,759409 -0,266027 0,593741 -1,330283 0,045729 -0,932153 -0,359165 1,144379
0,614034 -0,266517 0,742921 1,489568 -0,789212 -0,219647 0,573497 -1,326911 0,010334 -0,938469 -0,345209 1,281970
0,642136 -0,281282 0,713121 1,391964 -0,766497 -0,250083 0,591557 -1,300363 0,011946 -0,926466 -0,376189 1,423592
0,716268 -0,270462 0,643281 1,338058 -0,697336 -0,311935 0,645306 -1,240591 0,026131 -0,910795 -0,412032 1,466948
0,749031 -0,242233 0,616665 1,261594 -0,660323 -0,348942 0,664991 -1,142950 0,054098 -0,905297 -0,421321 1,505121
0,743864 -0,273263 0,609913 1,217384 -0,666660 -0,367871 0,648255 -1,045873 0,047225 -0,888818 -0,455820 1,528099
0,707202 -0,358509 0,609374 1,203432 -0,706908 -0,373318 0,600762 -0,892156 0,012111 -0,855631 -0,517444 1,559659
0,722721 -0,409560 0,556719 1,225502 -0,690982 -0,445451 0,569314 -0,730963 0,014822 -0,796138 -0,604934 1,580054
0,696791 -0,464023 0,546960 1,264328 -0,717248 -0,444198 0,536883 -0,583501 -0,006167 -0,766401 -0,642333 1,561718
0,641621 -0,521420 0,562534 1,325312 -0,766542 -0,409960 0,494313 -0,487466 -0,027128 -0,748368 -0,662729 1,525019
0,552517 -0,590963 0,587781 1,383130 -0,830385 -0,329350 0,449433 -0,375798 -0,072013 -0,736404 -0,672698 1,478852
0,435612 -0,650975 0,621670 1,438534 -0,897083 -0,257146 0,359330 -0,277668 -0,074055 -0,714218 -0,695995 1,421456
0,356170 -0,702853 0,615744 1,503935 -0,930821 -0,209087 0,299757 -0,221468 -0,081941 -0,679912 -0,728701 1,351478
0,272257 -0,715054 0,643874 1,574205 -0,960298 -0,159591 0,228821 -0,180569 -0,060862 -0,680609 -0,730115 1,277753
0,192722 -0,738077 0,646607 1,628675 -0,973368 -0,060421 0,221144 -0,171322 -0,124153 -0,672005 -0,730065 1,245904
0,088794 -0,685740 0,722410 1,697697 -0,991222 0,010490 0,131792 -0,164482 -0,097954 -0,727771 -0,678789 1,181687
0,033159 -0,629536 0,776263 1,762292 -0,997841 0,023203 0,061442 -0,194631 -0,056692 -0,776625 -0,627408 1,094324
0,158237 -0,600211 0,784033 1,811147 -0,987303 -0,084964 0,134218 -0,256399 -0,013944 -0,795316 -0,606035 1,049383
0,231974 -0,555968 0,798178 1,790382 -0,970914 -0,182349 0,155162 -0,310952 0,059282 -0,810955 -0,582098 1,072442
0,302447 -0,522418 0,797249 1,732246 -0,949152 -0,241750 0,201660 -0,361562 0,087383 -0,817702 -0,568971 1,145509
0,334090 -0,510977 0,792014 1,651842 -0,937356 -0,268144 0,222402 -0,381017 0,098732 -0,816702 -0,568551 1,216499
0,334902 -0,509806 0,792426 1,567628 -0,936366 -0,273933 0,219500 -0,370494 0,105169 -0,815511 -0,569106 1,274944
0,335504 -0,490465 0,804289 1,459521 -0,931453 -0,300345 0,205396 -0,308348 0,140824 -0,818069 -0,557613 1,324432
0,393414 -0,484450 0,781366 1,345696 -0,910825 -0,320929 0,259619 -0,208965 0,124990 -0,813826 -0,567508 1,394310
0,400225 -0,481177 0,779928 1,314889 -0,907386 -0,327256 0,263730 -0,168861 0,128336 -0,813248 -0,567590 1,390599
0,454910 -0,490375 0,743363 1,193478 -0,875201 -0,400431 0,271437 -0,074042 0,164560 -0,774072 -0,611337 1,423276
0,496084 -0,459139 0,736948 1,083711 -0,844340 -0,453004 0,286143 -0,030278 0,202461 -0,764185 -0,612398 1,426528
0,556394 -0,412712 0,721176 0,975010 -0,800764 -0,498022 0,332791 0,027590 0,221815 -0,762655 -0,607581 1,432608
0,591177 -0,364458 0,719500 0,889325 -0,766845 -0,530415 0,361399 0,122185 0,249919 -0,765396 -0,593051 1,429681
0,636311 -0,324440 0,699890 0,829122 -0,729968 -0,546670 0,410243 0,212180 0,249510 -0,771940 -0,584683 1,426880
0,653704 -0,335784 0,678174 0,737036 -0,733654 -0,500923 0,459160 0,275679 0,185534 -0,797700 -0,573805 1,418812
0,642427 -0,298928 0,705641 0,671646 -0,755718 -0,399942 0,518592 0,270698 0,127194 -0,866423 -0,482839 1,419651
0,636969 -0,257590 0,726580 0,593931 -0,766538 -0,311638 0,561517 0,246125 0,081788 -0,914620 -0,395956 1,416514
0,680658 -0,240649 0,691949 0,494379 -0,732575 -0,231530 0,640099 0,218532 0,006168 -0,942593 -0,333887 1,450376
0,652010 -0,215448 0,726956 0,442789 -0,755996 -0,111511 0,645008 0,251743 -0,057902 -0,970128 -0,235584 1,445547
0,554901 -0,188293 0,810328 0,432983 -0,823777 0,011557 0,566796 0,336274 -0,116089 -0,982045 -0,148698 1,446456
0,460661 -0,176390 0,869872 0,461989 -0,884457 -0,009136 0,466533 0,353425 -0,074345 -0,984278 -0,160218 1,448715
0,435336 -0,190516 0,879878 0,489001 -0,897055 -0,009300 0,441821 0,376204 -0,075991 -0,981640 -0,174952 1,437723
0,338757 -0,220474 0,914678 0,584078 -0,939859 -0,034145 0,339852 0,389636 -0,043697 -0,974795 -0,218781 1,436292
